# id	left	top	right	bottom	texture_id
[SPRITES]
#BlueBrick
20001	372	153	387	168	20



#QuestionBrick
21001	299	116	316	133	20
22002	317	116	334	133	20
23003	335	116	352	133	20
24004	353	116	370	133	20
25005	371	116	388	133	20

#ShineBrick
23011	300	135	315	150	20
23012	318	135	333	150	20
23013	336	135	351	150	20
23014	354	135	369	150	20
23015	372	135	387	150	20

#CloudBrick
23021	354	243	369	258	20

#P
23022	324	239	339	254	30

#Blue
23023	290	188	305	203	30

#BrickLock
22011	324	171	339	186	30

#Mushroom
21011	300	189	315	204	20

21012	318	189	333	204	20

# ani_id	sprite1_id	time1	sprite2_id	time2	...
[ANIMATIONS]

#BlueBrick
#10000	20001	100
10000	23011	100	23012	100	23013	100	23014	100	23015	100


#QuestionBrickLive
12000	21001	100	22002	100	23003	100	24004	100

#QuestionBrickDie
12001	25005	100


#Mushroom Red
12011	21011	100

#Mushroom Green
12012	21012	100


