# id	left	top	right	bottom	texture_id
[SPRITES]
#####  BIG ###############
#IDLE
11121	246	154	259	181	0
11111	186	154	199	181	0

#WALKING RIGHT
11222	275	154	290	181	0
11223	304	154	321	181	0

#WALKING LEFT
11212	155	154	170	181	0
11213	125	154	140	181	0

#RUNNING RIGHT
11321	334	154	355	181	0
11322	334	154	355	181	0
11323	392	154	413	181	0

#RUNNING LEFT
11311	91	154	112	181	0
11312	65	154	86	181	0
11313	34	154	55	181	0

#JUMP WALK RIGHT
11417	395	275	412	302	0
11413	35	275	52	302	0

#JUMP RUN RIGHT & LEFT
11427	394	195	413	222	0
11423	35	195	52	222	0

#SIT RIGHT & LEFT 
11521	426	239	441	256	0
11511	5	239	20	256	0

#BRACE RIGHT & LEFT 
11621	425	154	442	181	0
11611	5	154	22	181	0

#DIE
13001	215	120	234	137	0

############ SMALL ################
 #IDLE
12121	247	0	260	15	0
12111	187	0	200	15	0

#WALK RIGHT
12222	275	0	292	15	0
12223	306	0	321	15	0

#WALK LEFT
12212	155	0	170	15	0
12213	125	0	140	15	0

#RUN RIGHT
12321	275	0	290	15	0
12322	306	0	321	15	0
12323	335	0	350	15	0

#RUN LEFT
12311	155	0	170	15	0
12312	125	0	140	15	0
12313	95	0	110	15	0

#BRACE RIGHT & LEFT
12511	6	0	19	15	0
12521	426	0	439	15	0

#JUMP WALK RIGHT & LEFT 
12413	35	80	50	95	0
12417	395	80	410	95	0

#JUMP RUN RIGHT & LEFT 
12423	65	40	80	55	0
12427	365	40	380	55	0


########### RACOON ###########
#IDLE
13001	181	635	202	662	0
13002	242	635	263	662	0

# WALKING LEFT
13011	151	634	172	661	0
13012	121	634	142	660	0

# WALKING RIGHT
13021	271	634	293	661	0
13022	302	634	323	660	0

# RUNNING LEFT
13031	90	634	114	661	0
13032	60	634	83	661	0
13033	31	634	52	661	0

# RUNNING RIGHT
13041	330	634	354	661	0
13042	361	634	384	661	0
13043	392	634	413	661	0

#JUMP WALK LEFT
13051	30	751	53	780	0
#JUMP WALK RIGHT
13052	391	751	414	780	0

#JUMP RUN LEFT
13053	91	714	114	740	0
#JUMP RUN RIGHT
13054	331	714	354	740	0

#SIT LEFT 
13061	31	678	52	697	0
#SIT RIGHT
13062	392	678	413	697	0

#BRACE LEFT 
13063	5	633	20	662	0
#BRACE RIGHT
13064	425	633	440	662	0



# ani_id	sprite1_id	time1	sprite2_id	time2	...
[ANIMATIONS]
400	11121	100
401	11111	100

#WALKING RIGHT & LEFT 
500	11121	100	11222	100	11223	100
501	11111	100	11212	100	11213	100

#RUNNING RIGHT & LEFT
600	11321	50	11322	50	11323	50
601	11311	50	11312	50	11313	50

#JUMP WALK
700	11417	100
701	11413	100

#JUMP RUN
800	11427	100
801	11423	100

#SIT RIGHT & LEFT 
900	11521	100
901	11511	100

#BRACE RIGHT & LEFT 
1000	11621	100
1001	11611	100

#DIE
999	13001	100

################### SMALL #################
1100	12121	100
1102	12111	100


#WALK LEFT & RIGHT 
1200	12121	100	12222	100	12223	100
1201	12111	100	12212	100	12213	100

#RUN LEFT & RIGHT
1300	12321	100	12322	100	12323	100
1301	12311	100	12312	100	12313	100

#BRACE LEFT & RIGHT
1401	12511	100
1400	12521	100

#JUMP WALK
1500	12417	100
1501	12413	100

#JUMP RUN 
1601	12423	100
1600	12427	100



######## RACOON ##########

# IDLE
1700	13001	100
1701	13002	100

# WALK LEFT & RIGHT 
1800	13001	100	13011	100	13012	100
1801	13002	100	13021	100	13022	100


#RUNNING LEFT RIGHT
1900	13031	100	13032	100	13033	100
1901	13041	100	13042	100	13043	100

#JUMP WALK LEFT RIGHT
2000	13051	100
2001	13052	100

#JUMP RUN LEFT RIGHT
2100	13053	100
2101	13054	100

#BRACE LEFT & RIGHT
2200	13063	100
2201	13064	100

#SIT LEFT RIGHT
2300	13061	100
2301	13062	100