# list of object assets to load in this scene
[ASSETS]
mario.txt
coin.txt
cloud.txt
brick.txt
goomba.txt
koopas.txt
#floor1.txt
#
[OBJECTS]
# type	x	y	extra_settings per object type
# type: 0 = Mario , 1 = Brick, 2 = Goomba, 3 = Koopas
# See OBJECT_TYPE constants in AssetIDs.h

#background


#Bush1

8	20	164	16	16	5	70063	70067	70066
8	100	164	16	16	3	70065	70067	70064

8	20	148	16	16	3	70063	70066	70065
8	68	148	16	16	3	70067	70064	70063
8	116	148	16	16	2	70066	70064	70062

8	20	132	16	16	3	70061	70065	70064
8	68	132	16	16	3	70061	70062	70061
8	116	132	16	16	1	70062	70062	70062

8	20	116	16	16	3	000000	70061	70062



#Grass1
8	168	164	16	16	3	70071	70071	70071

#Cloud
8	116	38	16	16	2	70081	70082	70082
8	116	52	16	16	2	70083	70084	70084
#8	148	52	16	16	2	70084	70083	70083
#8	164	43	15	15	1	70082	70081	70081











# MARIO
0	20	10


#COIN
4	100	120




#Platform

###Floor 1
5	0	180	15	16	50	71000	72000	73000

5	750	164	15	16	14	71000	72000	73000



####Floor 2_1


###Floor 2_2
5	750	175	15	16	14	70201	70202	70203  
#170



# Mics

## Shadow_2
8	340	95	9	9	1	70091	70091	70091
8	340	105	9	17	1	70092	70092	70092
8	340	120	9	17	1	70092	70092	70092
8	340	135	9	17	1	70092	70092	70092
8	340	150	9	17	1	70092	70092	70092
8	340	165	9	17	1	70092	70092	70092


### BlueWall_1
6	288	82	14	13	4	70041	70042	70043
8	288	96	14	13	4	70044	70045	70046
8	288	110	14	13	4	70044	70045	70046
8	288	124	14	13	4	70044	70045	70046
8	288	136	14	13	4	70044	70045	70046
8	288	150	14	13	4	70044	70045	70046
8	288	164	14	13	4	70047	70048	70049



## Shadow_1
8	300	141	9	9	1	70091	70091	70091
8	300	151	9	17	1	70092	70092	70092
8	300	165	9	17	1	70092	70092	70092

### PinkWall_1
6	248	123	14	14	4	70021	70022	70023
8	248	136	14	13	4	70024	70025	70026
8	248	150	14	13	4	70024	70025	70026
8	248	164	14	13	4	70027	70028	70029



### Pipe_1
5	382	136	14	14	2	70113	70113	70114
5	382	150	14	14	2	70113	70113	70114
5	382	164	14	14	2	70113	70113	70114
5	382	123	14	14	2	70111	70111	70112












#Goomba
2	232	164




#QuestionBrick
7	184	116	 
7	200	116	
7	232	68	 
7	248	68	




#Portal 
50	2000	2000	20001	2001	1
